kb@kb-M51AC:~/ira_pohl/hex_mc$ make
g++ -std=c++11 main_hex.cpp graph.cpp queue.cpp class_hex.cpp -o run.exe
kb@kb-M51AC:~/ira_pohl/hex_mc$ ./run.exe 
number of sides in hex: 9
now play hex 
game started by player 1
enter human player (1/2): 
1
hex board: 
-------------------------
0 0 0 0 0 0 0 0 0 
 0 0 0 0 0 0 0 0 0 
  0 0 0 0 0 0 0 0 0 
   0 0 0 0 0 0 0 0 0 
    0 0 0 0 0 0 0 0 0 
     0 0 0 0 0 0 0 0 0 
      0 0 0 0 0 0 0 0 0 
       0 0 0 0 0 0 0 0 0 
        0 0 0 0 0 0 0 0 0 
-------------------------
player 1's turn 
r = 8; c = 8
valid entry 
hex board: 
-------------------------
0 0 0 0 0 0 0 0 0 
 0 0 0 0 0 0 0 0 0 
  0 0 0 0 0 0 0 0 0 
   0 0 0 0 0 0 0 0 0 
    0 0 0 0 0 0 0 0 0 
     0 0 0 0 0 0 0 0 0 
      0 0 0 0 0 0 0 0 0 
       0 0 0 0 0 0 0 0 0 
        0 0 0 0 0 0 0 0 1 
-------------------------
player 2's turn 
r = 8; c = 7
valid entry 
hex board: 
-------------------------
0 0 0 0 0 0 0 0 0 
 0 0 0 0 0 0 0 0 0 
  0 0 0 0 0 0 0 0 0 
   0 0 0 0 0 0 0 0 0 
    0 0 0 0 0 0 0 0 0 
     0 0 0 0 0 0 0 0 0 
      0 0 0 0 0 0 0 0 0 
       0 0 0 0 0 0 0 0 0 
        0 0 0 0 0 0 0 2 1 
-------------------------
player 1's turn 
r = 1; c = 6
valid entry 
hex board: 
-------------------------
0 0 0 0 0 0 0 0 0 
 0 0 0 0 0 0 1 0 0 
  0 0 0 0 0 0 0 0 0 
   0 0 0 0 0 0 0 0 0 
    0 0 0 0 0 0 0 0 0 
     0 0 0 0 0 0 0 0 0 
      0 0 0 0 0 0 0 0 0 
       0 0 0 0 0 0 0 0 0 
        0 0 0 0 0 0 0 2 1 
-------------------------
player 2's turn 
best for me: 0.56
best for opponent: 0.64
ibest/ibest_opponent: 2 59
time (sec): 162
r = 0; c = 2
valid entry 
hex board: 
-------------------------
0 0 2 0 0 0 0 0 0 
 0 0 0 0 0 0 1 0 0 
  0 0 0 0 0 0 0 0 0 
   0 0 0 0 0 0 0 0 0 
    0 0 0 0 0 0 0 0 0 
     0 0 0 0 0 0 0 0 0 
      0 0 0 0 0 0 0 0 0 
       0 0 0 0 0 0 0 0 0 
        0 0 0 0 0 0 0 2 1 
-------------------------
player 1's turn 
r = 1; c = 4
valid entry 
hex board: 
-------------------------
0 0 2 0 0 0 0 0 0 
 0 0 0 0 1 0 1 0 0 
  0 0 0 0 0 0 0 0 0 
   0 0 0 0 0 0 0 0 0 
    0 0 0 0 0 0 0 0 0 
     0 0 0 0 0 0 0 0 0 
      0 0 0 0 0 0 0 0 0 
       0 0 0 0 0 0 0 0 0 
        0 0 0 0 0 0 0 2 1 
-------------------------
player 2's turn 
best for me: 0.55
best for opponent: 0.69
ibest/ibest_opponent: 56 22
time (sec): 155
r = 2; c = 7
valid entry 
hex board: 
-------------------------
0 0 2 0 0 0 0 0 0 
 0 0 0 0 1 0 1 0 0 
  0 0 0 0 0 0 0 2 0 
   0 0 0 0 0 0 0 0 0 
    0 0 0 0 0 0 0 0 0 
     0 0 0 0 0 0 0 0 0 
      0 0 0 0 0 0 0 0 0 
       0 0 0 0 0 0 0 0 0 
        0 0 0 0 0 0 0 2 1 
-------------------------
player 1's turn 
r = 6; c = 5
valid entry 
hex board: 
-------------------------
0 0 2 0 0 0 0 0 0 
 0 0 0 0 1 0 1 0 0 
  0 0 0 0 0 0 0 2 0 
   0 0 0 0 0 0 0 0 0 
    0 0 0 0 0 0 0 0 0 
     0 0 0 0 0 0 0 0 0 
      0 0 0 0 0 1 0 0 0 
       0 0 0 0 0 0 0 0 0 
        0 0 0 0 0 0 0 2 1 
-------------------------
player 2's turn 
best for me: 0.56
best for opponent: 0.69
ibest/ibest_opponent: 53 37
time (sec): 149
r = 6; c = 3
valid entry 
hex board: 
-------------------------
0 0 2 0 0 0 0 0 0 
 0 0 0 0 1 0 1 0 0 
  0 0 0 0 0 0 0 2 0 
   0 0 0 0 0 0 0 0 0 
    0 0 0 0 0 0 0 0 0 
     0 0 0 0 0 0 0 0 0 
      0 0 0 2 0 1 0 0 0 
       0 0 0 0 0 0 0 0 0 
        0 0 0 0 0 0 0 2 1 
-------------------------
player 1's turn 
r = 5; c = 6
valid entry 
hex board: 
-------------------------
0 0 2 0 0 0 0 0 0 
 0 0 0 0 1 0 1 0 0 
  0 0 0 0 0 0 0 2 0 
   0 0 0 0 0 0 0 0 0 
    0 0 0 0 0 0 0 0 0 
     0 0 0 0 0 0 1 0 0 
      0 0 0 2 0 1 0 0 0 
       0 0 0 0 0 0 0 0 0 
        0 0 0 0 0 0 0 2 1 
-------------------------
player 2's turn 
best for me: 0.6
best for opponent: 0.67
ibest/ibest_opponent: 21 36
time (sec): 145
r = 2; c = 6
valid entry 
hex board: 
-------------------------
0 0 2 0 0 0 0 0 0 
 0 0 0 0 1 0 1 0 0 
  0 0 0 0 0 0 2 2 0 
   0 0 0 0 0 0 0 0 0 
    0 0 0 0 0 0 0 0 0 
     0 0 0 0 0 0 1 0 0 
      0 0 0 2 0 1 0 0 0 
       0 0 0 0 0 0 0 0 0 
        0 0 0 0 0 0 0 2 1 
-------------------------
player 1's turn 
r = 8; c = 3
valid entry 
hex board: 
-------------------------
0 0 2 0 0 0 0 0 0 
 0 0 0 0 1 0 1 0 0 
  0 0 0 0 0 0 2 2 0 
   0 0 0 0 0 0 0 0 0 
    0 0 0 0 0 0 0 0 0 
     0 0 0 0 0 0 1 0 0 
      0 0 0 2 0 1 0 0 0 
       0 0 0 0 0 0 0 0 0 
        0 0 0 1 0 0 0 2 1 
-------------------------
player 2's turn 
best for me: 0.65
best for opponent: 0.65
ibest/ibest_opponent: 26 44
time (sec): 144
r = 3; c = 4
valid entry 
hex board: 
-------------------------
0 0 2 0 0 0 0 0 0 
 0 0 0 0 1 0 1 0 0 
  0 0 0 0 0 0 2 2 0 
   0 0 0 0 2 0 0 0 0 
    0 0 0 0 0 0 0 0 0 
     0 0 0 0 0 0 1 0 0 
      0 0 0 2 0 1 0 0 0 
       0 0 0 0 0 0 0 0 0 
        0 0 0 1 0 0 0 2 1 
-------------------------
player 1's turn 
r = 0; c = 8
valid entry 
hex board: 
-------------------------
0 0 2 0 0 0 0 0 1 
 0 0 0 0 1 0 1 0 0 
  0 0 0 0 0 0 2 2 0 
   0 0 0 0 2 0 0 0 0 
    0 0 0 0 0 0 0 0 0 
     0 0 0 0 0 0 1 0 0 
      0 0 0 2 0 1 0 0 0 
       0 0 0 0 0 0 0 0 0 
        0 0 0 1 0 0 0 2 1 
-------------------------
player 2's turn 
best for me: 0.67
best for opponent: 0.54
ibest/ibest_opponent: 25 42
time (sec): 143
r = 3; c = 5
valid entry 
hex board: 
-------------------------
0 0 2 0 0 0 0 0 1 
 0 0 0 0 1 0 1 0 0 
  0 0 0 0 0 0 2 2 0 
   0 0 0 0 2 2 0 0 0 
    0 0 0 0 0 0 0 0 0 
     0 0 0 0 0 0 1 0 0 
      0 0 0 2 0 1 0 0 0 
       0 0 0 0 0 0 0 0 0 
        0 0 0 1 0 0 0 2 1 
-------------------------
player 1's turn 
r = 4; c = 1
valid entry 
hex board: 
-------------------------
0 0 2 0 0 0 0 0 1 
 0 0 0 0 1 0 1 0 0 
  0 0 0 0 0 0 2 2 0 
   0 0 0 0 2 2 0 0 0 
    0 1 0 0 0 0 0 0 0 
     0 0 0 0 0 0 1 0 0 
      0 0 0 2 0 1 0 0 0 
       0 0 0 0 0 0 0 0 0 
        0 0 0 1 0 0 0 2 1 
-------------------------
player 2's turn 
best for me: 0.73
best for opponent: 0.51
ibest/ibest_opponent: 18 20
time (sec): 140
r = 2; c = 4
valid entry 
hex board: 
-------------------------
0 0 2 0 0 0 0 0 1 
 0 0 0 0 1 0 1 0 0 
  0 0 0 0 2 0 2 2 0 
   0 0 0 0 2 2 0 0 0 
    0 1 0 0 0 0 0 0 0 
     0 0 0 0 0 0 1 0 0 
      0 0 0 2 0 1 0 0 0 
       0 0 0 0 0 0 0 0 0 
        0 0 0 1 0 0 0 2 1 
-------------------------
player 1's turn 
r = 4; c = 2
valid entry 
hex board: 
-------------------------
0 0 2 0 0 0 0 0 1 
 0 0 0 0 1 0 1 0 0 
  0 0 0 0 2 0 2 2 0 
   0 0 0 0 2 2 0 0 0 
    0 1 1 0 0 0 0 0 0 
     0 0 0 0 0 0 1 0 0 
      0 0 0 2 0 1 0 0 0 
       0 0 0 0 0 0 0 0 0 
        0 0 0 1 0 0 0 2 1 
-------------------------
player 2's turn 
best for me: 0.77
best for opponent: 0.56
ibest/ibest_opponent: 19 17
time (sec): 134
r = 2; c = 8
valid entry 
hex board: 
-------------------------
0 0 2 0 0 0 0 0 1 
 0 0 0 0 1 0 1 0 0 
  0 0 0 0 2 0 2 2 2 
   0 0 0 0 2 2 0 0 0 
    0 1 1 0 0 0 0 0 0 
     0 0 0 0 0 0 1 0 0 
      0 0 0 2 0 1 0 0 0 
       0 0 0 0 0 0 0 0 0 
        0 0 0 1 0 0 0 2 1 
-------------------------
player 1's turn 
r = 5; c = 4
valid entry 
hex board: 
-------------------------
0 0 2 0 0 0 0 0 1 
 0 0 0 0 1 0 1 0 0 
  0 0 0 0 2 0 2 2 2 
   0 0 0 0 2 2 0 0 0 
    0 1 1 0 0 0 0 0 0 
     0 0 0 0 1 0 1 0 0 
      0 0 0 2 0 1 0 0 0 
       0 0 0 0 0 0 0 0 0 
        0 0 0 1 0 0 0 2 1 
-------------------------
player 2's turn 
best for me: 0.76
best for opponent: 0.48
ibest/ibest_opponent: 20 35
time (sec): 129
r = 3; c = 1
valid entry 
hex board: 
-------------------------
0 0 2 0 0 0 0 0 1 
 0 0 0 0 1 0 1 0 0 
  0 0 0 0 2 0 2 2 2 
   0 2 0 0 2 2 0 0 0 
    0 1 1 0 0 0 0 0 0 
     0 0 0 0 1 0 1 0 0 
      0 0 0 2 0 1 0 0 0 
       0 0 0 0 0 0 0 0 0 
        0 0 0 1 0 0 0 2 1 
-------------------------
player 1's turn 
r = 1; c = 5
valid entry 
hex board: 
-------------------------
0 0 2 0 0 0 0 0 1 
 0 0 0 0 1 1 1 0 0 
  0 0 0 0 2 0 2 2 2 
   0 2 0 0 2 2 0 0 0 
    0 1 1 0 0 0 0 0 0 
     0 0 0 0 1 0 1 0 0 
      0 0 0 2 0 1 0 0 0 
       0 0 0 0 0 0 0 0 0 
        0 0 0 1 0 0 0 2 1 
-------------------------
player 2's turn 
best for me: 0.79
best for opponent: 0.43
ibest/ibest_opponent: 16 16
time (sec): 128
r = 2; c = 3
valid entry 
hex board: 
-------------------------
0 0 2 0 0 0 0 0 1 
 0 0 0 0 1 1 1 0 0 
  0 0 0 2 2 0 2 2 2 
   0 2 0 0 2 2 0 0 0 
    0 1 1 0 0 0 0 0 0 
     0 0 0 0 1 0 1 0 0 
      0 0 0 2 0 1 0 0 0 
       0 0 0 0 0 0 0 0 0 
        0 0 0 1 0 0 0 2 1 
-------------------------
player 1's turn 
r = 4; c = 4
valid entry 
hex board: 
-------------------------
0 0 2 0 0 0 0 0 1 
 0 0 0 0 1 1 1 0 0 
  0 0 0 2 2 0 2 2 2 
   0 2 0 0 2 2 0 0 0 
    0 1 1 0 1 0 0 0 0 
     0 0 0 0 1 0 1 0 0 
      0 0 0 2 0 1 0 0 0 
       0 0 0 0 0 0 0 0 0 
        0 0 0 1 0 0 0 2 1 
-------------------------
player 2's turn 
best for me: 0.96
best for opponent: 0.25
ibest/ibest_opponent: 18 15
time (sec): 123
r = 3; c = 2
valid entry 
hex board: 
-------------------------
0 0 2 0 0 0 0 0 1 
 0 0 0 0 1 1 1 0 0 
  0 0 0 2 2 0 2 2 2 
   0 2 2 0 2 2 0 0 0 
    0 1 1 0 1 0 0 0 0 
     0 0 0 0 1 0 1 0 0 
      0 0 0 2 0 1 0 0 0 
       0 0 0 0 0 0 0 0 0 
        0 0 0 1 0 0 0 2 1 
-------------------------
player 1's turn 
r = 5; c = 7
valid entry 
hex board: 
-------------------------
0 0 2 0 0 0 0 0 1 
 0 0 0 0 1 1 1 0 0 
  0 0 0 2 2 0 2 2 2 
   0 2 2 0 2 2 0 0 0 
    0 1 1 0 1 0 0 0 0 
     0 0 0 0 1 0 1 1 0 
      0 0 0 2 0 1 0 0 0 
       0 0 0 0 0 0 0 0 0 
        0 0 0 1 0 0 0 2 1 
-------------------------
player 2's turn 
best for me: 1
best for opponent: 0.15
ibest/ibest_opponent: 17 17
time (sec): 118
r = 3; c = 0
valid entry 
hex board: 
-------------------------
0 0 2 0 0 0 0 0 1 
 0 0 0 0 1 1 1 0 0 
  0 0 0 2 2 0 2 2 2 
   2 2 2 0 2 2 0 0 0 
    0 1 1 0 1 0 0 0 0 
     0 0 0 0 1 0 1 1 0 
      0 0 0 2 0 1 0 0 0 
       0 0 0 0 0 0 0 0 0 
        0 0 0 1 0 0 0 2 1 
-------------------------
player 2 won 
game ended 
done! 

